128	159016235830054589662496775066862666424473550718805706230944558116335779840	0	57	1
	0.16	8356
256	20705239040371691362304267586831076357353326916511159665487572671397888	0	197	1
	0.23	8284
512	5190113252786503968150936408432323140243233947072130689482218216297070592	0	279	1
	0.31	8220
1024	198425207470228708888749231040464481757969382949898613460922571434229760	0	983	1
	0.39	8660
2048	458966132061572491864411264841422192587998746649330705918307860882653184	0	373	1
	0.54	8648
4096	1642871750029492112487521231865258744174763488248566135567251249561600	269735765318963564968074494852726784	673	2975
	0.77	9084
8192	222682840733164171272747669537121129138303679224461095747240561999872	0	1542	1
	0.96	11440
16384	191251338275527986633902160382075808301782511508052872086228566016	3439705728907663926847853377188003840	7984	14554
	1.60	14588
32768	740734160881624157413822846085582313258634692014116185360522280960	0	4533	1
	2.40	23748
65536	651028920119189230111256462783308337401330181679802991524184064	51274474032488320513922491840020348928	52193	58376
	4.04	34720
131072	19323306107534798791863895338495581681537560730317359499567955968	68106173432371745751587496868322476032	31537	99886
	7.59	70172
262144	57789278929334591554493514650426176686703508905549710925758464	197891738539462276419095324503421485056	115837	193209
	14.83	107496
524288	5363047835028303086045670055557918804151325732515869362225152	99956906823653966676840584833816068096	94937	177507
	30.81	248324
1048576	143093777972999118460034172513622717072775510184045838336	285464692836957020775163892436027047936	1001099	371273
	54.05	427184
2097152	66193999393944856992387098151919594753554370147949638949273600	1279066093048826261119319770962367348736	15567	1228732
	96.86	811088
4194304	320950173324613295792662611892802736251068465861522479655157760	2509621255974580303630851390526824906752	10988	3121075
	187.22	1777688
8388608	12332122270844304704605071452740607129954031142699008	5083564019282299631989388083062493937664	4934476	6877842
	260.70	3244964
16777216	14305086682342544581945279412324933428703539234865152	8041396385618522275207822288775630815232	3177975	16032309
	416.69	6695888
33554432	24642354843825578102514351973567767353001360100425728	9984394547722365497457198642878948048896	1964907	28996917
	577.76	13374284
67108864	32193164517407984968496901088075268437685053249552384	13276551897404175829339891828965137973248	2932006	59610872
	875.53	16683332
134217728	13611294676837538538534984297270728458240	13611294676837538538534984297270728458240	90637515	90637515
	266.73	7069164
Exact. Done.
