128	22082454060150841117223963461980882198331392	0	92	1
	0.16	8296
256	12998680078140186511031077699328723250053120	0	246	1
	0.22	8684
512	10494648478208663151673936267803163409514496	27359367736275763200	418	456
	0.33	8768
1024	6959263559435640426867239322977843091079168	340987653249055064064	910	641
	0.52	9136
2048	2543680061820045039685842357983425761116160	968935570797880147968	1836	2044
	0.82	9240
4096	3904672805942919954458226322681157583372288	2228329471902729895936	2103	4061
	1.23	10160
8192	1717494475663505526552793910610952699510784	2912326261314831777792	4347	8048
	2.08	13312
16384	1013321729655298274752184605425193961127936	3382266671322290454528	8506	15286
	4.01	16768
32768	489618043074448761455555457446690229846016	3866418263247533637632	12144	30287
	6.82	27640
65536	12228896278358199629727227949778076696576	4252105951812981358592	26394	60462
	10.56	42528
131072	103408849306245640712670728701287071744	4575244937368768086016	60972	120765
	15.09	72136
262144	25861480734304112825091293815326638080	4759547850299933720576	63650	244076
	23.13	113960
524288	228006043165034034872678062363770880	4849004067244416663552	293915	496292
	35.84	235344
1048576	282863468274239218120779052011749376	4879663678972331032576	256299	991063
	60.08	444264
2097152	1402382092109875949856586989568	4889134237391560342528	1469398	2031661
	94.98	868844
4194304	24529073369817337905130766336	4890781796371824355968	2488847	4179099
	119.09	1202908
8388608	4890856366436343873536	4890856366436343873536	7170580	7170580
	60.26	712780
Exact. Done.
