128	8124678751773454833140160338876918118352258336565800575283757056	0	107	1
	0.60	8836
256	7372230012549182636617636589138168729721236784727007830153887744	0	225	1
	0.66	8860
512	6234806623893645308849063874074093159790657773479235848348106752	0	490	1
	1.20	8660
1024	4936523087616221206486053301356186326447831750433906286097596416	0	998	1
	2.16	9192
2048	3833378559218772080701240092595408872336436695871137117764583424	0	1257	1
	2.83	8988
4096	2204008703430089808948389197145155248157565425311729136628137984	0	3652	1
	7.05	10452
8192	1094058319425780126498718535203086510753062408982647169890648064	0	7251	1
	12.89	13288
16384	65204955889285288775090929789190301062321324674535663593324544	0	10994	1
	21.85	16964
32768	107316728236098966189427314550137322103780007566163844259643392	0	25705	1
	54.54	28844
65536	51584642478777759885845140376629686050362986733682265423872	589046037272854528	7942	52558
	92.44	40560
131072	1128278667726789021844854063753558742930907903556994465792	823628767204212736	45535	93560
	128.59	61144
262144	681570557818447910452829319894822228075034313450586112	958492939321868288	44782	229765
	140.54	133764
524288	67717214197170407668802690712862720	965055834572718080	405716	410596
	139.47	185036
1048576	5322417974004153234605418175528960	965521150755471360	296026	827244
	160.43	405428
2097152	7046196247287355996050627995107328	965656898243379200	333420	1785536
	188.69	732200
4194304	140587066760519601434321743773696	965663096136677120	215302	3884920
	191.63	1096684
8388608	965663227813560320	965663227813560320	4935360	4935360
	152.58	444500
Exact. Done.
