128	32445804029269990673055628465447952246927992352480952320	0	37	1
	0.18	8392
256	11014811699973576169450619257642847257259687440694640640	0	187	1
	0.30	8156
512	8442194673852030322265073808745013774212214246325878784	0	227	1
	0.50	8672
1024	902436339005987286709065681026988708712987979176476672	0	515	1
	1.00	8580
2048	286688161178829916434834816785626077135707727630172160	25165824	1234	258
	1.89	8956
4096	140666609589824744071268257779276808075844195396354048	0	2691	1
	2.37	11064
8192	44080734545557758436781865220052974798253930315776	1626341376	6292	4007
	5.31	12872
16384	7706880636027496284936153743552772827342282875207680	3031433216	14991	6188
	10.48	26148
32768	3313076759301904231087541681598594854593721532416	9092268032	10450	12800
	12.57	26480
65536	138802799933376278281304295741546488123734622208	16224878592	11922	24331
	23.75	46024
131072	1037673744792336809028578199719111105141800960	45733511168	12444	50101
	42.60	79164
262144	36488991916504598512052449983756453445369856	107703664640	246259	147592
	96.37	118608
524288	1932206671558859308777875942166499426304	188181549056	29421	492560
	147.65	236440
1048576	316059844829891692859825848320	211174863872	835403	960152
	150.68	290276
2097152	215215046656	215215046656	1102175	1102175
	144.10	204016
Exact. Done.
