128	4543665330474621811972194919460740415035979857920	0	121	1
	0.22	8216
256	4069796795751044600837702441885235381395401998336	0	190	1
	0.36	8448
512	3310322617269885699129562020391922781947732951040	0	378	1
	0.65	8500
1024	917679846309259866766033844866656197538876489728	0	984	1
	1.10	9108
2048	114227204500023668058838640957288988678819938304	0	1814	1
	1.88	9100
4096	10642126856032197881738962822664091752359526400	0	3846	1
	3.53	10288
8192	75827597076623902245557777141163013831319879680	0	3021	1
	6.40	13240
16384	9790217912956898610260259476081922136178950144	0	11374	1
	9.58	18052
32768	79701940876587020308791515830806322427723776	37216	20878	8877
	15.66	24260
65536	6343319384800862365542054658673236508672	118780	60972	26222
	27.24	35044
131072	174233329230453659436806970540032	187008	80093	98205
	36.51	62880
262144	213157	213157	166228	166228
	28.71	75132
Exact. Done.
