128	6211381958656337402365660539044202833537713307648	0	61	1
	45.30	16432
256	3175626116270760735354686282025126678451611238400	145071098353755500964741120	95	190
	45.02	23696
512	1803101664688845187157836273251926540159352307712	1798881619586568211962789888	260	211
	44.02	24396
1024	389560917677672311909293915916305091462315376640	2196467098512329381794283520	480	279
	46.96	30332
2048	253084028722831254885287154147091171332080009216	5199287718707616423117586432	1623	390
	53.61	70224
4096	203870129007607442174494202819270350199444209664	11247531788323399010059550720	2653	508
	56.51	70376
8192	202613882629211896359140538035527523477735079936	11718873972436973428980842496	3668	621
	56.50	132004
16384	178684646262395746091881482564069018320651681792	13666521087195796578527870976	10142	6511
	80.39	152460
32768	168495714088744702115904836966307952879298674688	14026450272309226468842405888	14737	11289
	111.03	303416
65536	133189529906911066322058600683761702493526949888	14188031034922445548908707840	30182	27148
	157.65	329700
131072	78508003046008016467151814018183044063702286336	18466715904352953251533946880	71930	61172
	248.48	427460
262144	45863784040057153404367714510692497400245780480	19265276030656621873685594112	200826	105667
	391.92	647084
524288	21650692258452083803095515288230682897959354368	20770867583216131603869728768	450293	212163
	708.37	1260616
1048576	8942456404728580820615287955899190075598045184	23087317743994434419414794240	816239	422516
	1010.63	1334836
2097152	4670286632845201319112394701666524207410839552	26140749805244422039210557440	1147981	1455064
	1415.13	2359448
4194304	812586834472914030306510746889110399391629312	27866309852292852577724268544	2281169	2505774
	1481.33	3444840
8388608	546189758074599275009877941570280528076079104	29644357309480710685061021696	3467443	5570130
	2089.96	9258408
16777216	363448580994113961426494720142951194157907968	31109908229051182532971200512	6096190	12288894
	3163.16	10563116
33554432	26986912446559098026586504366911419358117888	32249387454097845945763299328	20884487	20477510
	4816.81	17794992
67108864	1441360886711445224099446354612829647011840	32823040449938865898055385088	39612649	40746992
	7461.01	37021536
134217728	426113309768924452840065102723902636818432	33129335307782928287797870592	71864403	80996960
	10433.96	73882128
268435456	3564420622328717248361879183879737180160	33275204885733976672711426048	80280019	241885576
	11600.31	107661080
536870912	6907384295176106190441626632966144	33278627161473339973134676992	433681909	530843884
	10168.79	121427724
1073741824	33278627362665583108034953216	33278627362665583108034953216	553025827	553025827
	4609.58	51113152
Exact. Done.
