128	15644436298248853142541662886984024276875277263354390404885558651041648382182425903488491847680	0	83	1
	0.47	8456
256	15905176903219667361584023935100424681489865217743630244966984628559009188552133001879966711808	0	103	1
	0.90	8528
512	260358660725251502901185714549823646209390804065427477034431701183106859876001472759065477120	0	234	1
	1.90	8700
1024	1175672130872735622055323634619084465997478340484930004029256841375429050937628899760144384	0	348	1
	2.37	8724
2048	11420950417395061207935516550215467652150709806787528245439405156855018292721420760776704	0	1722	1
	2.82	9112
4096	35688952344287514923961833389808630538825153765868016282997163136726823645781623308288	0	1871	1
	3.75	9940
8192	627426383057752043874344796528675949977414608109853334681643286401917767741771612160	65536	7948	2170
	5.04	11044
16384	186218922169058177171704482368702049791970148199007136618408396838038037523278594048	0	12238	1
	5.88	15640
32768	3276604876280178424553760316938164439151230976318846720480511565438128298317716652032	131072	20472	3587
	8.15	22572
65536	3218753640260021652418372221978411806208718789133158836958036097204830076928	268288	30642	21472
	10.67	37448
131072	245209557800241894342349152997392083415590781506377100023411137200781262848	283936	25186	104762
	12.89	72248
262144	1613674127788967969589896854526016484155214460838954695570216039661699072	282880	20848	76474
	17.08	112364
524288	11002102187274709295282486210475312403493578072308113995995283456	303712	81136	166476
	20.91	191108
1048576	5732269147262534003580209871317780377108480	360304	795202	606970
	25.62	318848
2097152	10739829898943174024094535095300114087936	450328	302158	1594525
	33.67	550216
4194304	471040	471040	2337753	2337753
	23.68	322612
Exact. Done.
