128	147412901147744191941696466967095170494575980014731264	0	74	1
	0.14	8168
256	52169762446163910568198733788640438669638168054071296	0	145	1
	0.18	8176
512	86427360825200274970893106267510112650373226861428736	0	56	1
	0.31	8532
1024	35335273148863238942004814582393843172353852066234368	0	477	1
	0.45	8724
2048	3811670487039015520589025074594477489009763974905856	0	1662	1
	0.78	9132
4096	11780776487151992402552255582742267158769376121847808	0	720	1
	1.25	10044
8192	1092072844550892262590558092383975698554622406819840	2537940449241115656192	5651	6399
	1.92	10988
16384	198944635705658909616916161210240215917790207410176	10107805956515838296064	14521	15168
	3.07	15204
32768	167491748305445813227930964917440489281111076110336	29182720642859304747008	23871	32042
	5.47	21752
65536	72248271437281811626562638917579596805475106029568	53955394660728597118976	43780	56210
	11.29	35896
131072	4927421435201490255853999941605217028545884192768	82934911229237898772480	59829	123097
	23.06	73244
262144	2146665462819811772073036778701791746951244414976	145897820506357688696832	156708	240969
	50.49	125528
524288	64555493471969091735525990381009833125432262656	230010014521891936534528	342823	492885
	80.84	252852
1048576	47996390831329260776487566449674305251282255872	395610871809970760843264	385263	1014833
	175.66	498848
2097152	23424059687113626550524680479506045106930057216	559236067836850495029248	832358	1738723
	289.30	1203704
4194304	488372908557689991958072648160288569655558144	872193153186318935654400	3089429	3829577
	441.39	1683152
8388608	42248739873300641922711762180638278653313024	1005410374083876243898368	3497766	7689301
	670.69	3338092
16777216	11981320163738013685405431882904976228352	1103662539483744349192192	9046528	14829125
	794.30	7026788
33554432	726570706761641192105132983740678965035008	1151093455438531839131648	2511260	29715186
	1209.35	16297152
67108864	468152533884486807117609577817833472	1165665663235633750999040	32025780	58637224
	1487.47	21651568
134217728	1168455003694263561093120	1168455003694263561093120	115841631	115841631
	693.58	9522996
Exact. Done.