128	426842918006294291940833680778121316294960170223554346876928	0	66	1
	0.21	8476
256	168010551136209127319542301280542696418489607443232673759232	0	121	1
	0.35	8636
512	33596899742402881441790041876216228232473617775631110504448	0	355	1
	0.60	8704
1024	21782891617867744232705544643914494735956757882717721329664	0	459	1
	1.04	8856
2048	9867978240063718654103514999543833069131001635728055599104	129540242644992264241152	1424	967
	1.78	9480
4096	5371372925492114419032594480989534465002686580454741508096	293801653149942218227712	3431	2794
	3.05	10656
8192	3740599841149179562720305193322649017562807527422371561472	1728642736578058650648576	6588	3855
	4.97	13496
16384	204815120063867102490424687564347783900922160511704891392	89157213599871069501521920	10251	12326
	9.06	20620
32768	630059529236268333771535023748723003353147545936015130624	18732571829668160171147264	8921	29405
	18.50	30204
65536	68892826848643740306967084895832742963357449790152507392	2408495430326244276833353728	55163	64967
	39.35	41124
131072	48411738283526043294384776059700867533390377290504863744	8628057893834088336804806656	41076	119997
	85.18	75052
262144	5797882991893259242889401854014301986815037121214021632	9065780575521491899750809600	153732	222653
	116.87	126428
524288	2632287353484427544756526796672064776970075424335855616	9670844767339862703422308352	295347	459588
	214.03	226112
1048576	12423880886965022797563523174988621936296194453012480	9925815132841710764406341632	809733	1014090
	370.91	491968
2097152	13790791169427487844900499198245961175938657331183616	9998852386112958597137694720	1648499	2016261
	684.91	779288
4194304	2341838494941057950907570467082831585763979228610560	10089317058142780478103486464	2276980	3975775
	1210.28	1775704
8388608	710983309553380528013365661300571798400730660864	10093728021503330879159664640	7868304	6864460
	1711.14	3157064
16777216	125465040544588550592686248426275534866661507072	10095196905174185412598431744	7881341	13383329
	2337.22	6663992
33554432	280458345814043630726899754457387499520	10095848955139750801054892032	31731805	29833677
	3597.50	12638164
67108864	7057136701732857200043842902949888	10095989216736788313756663808	55746579	57587219
	5239.96	27352672
134217728	6025998172699724470711815027818496	10096022963330109708114591744	45359576	130719110
	10560.67	56496492
268435456	10096027719780900754667077632	10096027719780900754667077632	247212809	247212809
	6730.25	35042544
Exact. Done.
